43744
91651
06069
02345
13527
84580
54833
42898
96529
60207
48262
99413
39570
53790
85964
89165
46312
54941
47416
75246
57635
19054
38404
95641
28995
58202
88669
38517
80940
50126
76925
98059
70495
49583
59364
25140
35267
10555
36618
60616
26752
56600
30131
19242
15880
37669
06322
76821
20748
90945
03586
40773
95559
11064
29656
88216
80243
18831
21242
25559
72106
76991
07568
14210
12918
15677
54259
75030
08053
93410
61616
37657
13093
10991
68691
75689
46925
72801
04517
94615
24669
63478
22208
21007
95464
32303
00822
83290
08252
10948
58391
77373
23530
21143
17642
50551
83788
91831
04358
09066
