7150306
1983390
3332320
0677638
3768885
0190250
7825427
9402458
1994783
3214640
1976437
6799335
0742923
7057272
8708707
0194905
1541155
7260332
9124735
1119858
5032564
5372863
3598227
8349766
6268355
4383000
9759499
6489117
1210129
1900734
3746048
1369338
6965202
8887124
2008855
5394484
4216446
7777058
8097375
1664933
4835999
5940297
2567241
7767077
0993038
5291209
2708539
2675202
3822465
0931928
8396450
1989238
3754231
6404943
3550322
3792452
1657497
8332152
4794731
3688791
1873280
9300927
0539290
8549595
8257959
3074818
9820363
6414082
5637230
4514172
1765574
9618629
5994364
2624059
4997198
2021281
1886796
9630416
0015790
3142255
6772591
5264057
2603456
8203954
3298267
0562280
7583432
5807266
9471338
0890362
5438743
9061807
0032255
3124750
5284522
7350936
5075289
9806482
0984785
9492346
