904867
531381
581066
314876
305995
382738
926632
300925
290708
238843
659228
034085
275019
670099
403498
089644
840512
039129
748009
570722
220270
796687
977017
378496
854468
450906
176439
585634
867252
289146
758484
476162
529662
490457
282175
246688
880469
424574
305445
280662
854066
289317
146165
663072
617855
003049
487131
632100
278782
252289
539026
930805
943513
776550
922216
472760
500581
316683
840904
797986
430843
995004
886771
495785
239471
792078
788739
068972
753684
406922
101792
732167
286385
641421
862029
390556
263503
759832
559278
589718
350826
223043
477997
378315
194310
889104
844306
300432
477140
215248
041769
398780
993594
551577
101695
205609
680142
994242
151377
201359
