3746
7526
7051
9770
5840
4138
3776
9392
6097
2645
1591
8410
7603
6536
4960
7661
4237
1954
4316
3291
2908
5774
5699
2150
1436
6980
9300
5984
7906
7563
3920
4203
0382
7246
3076
6677
2968
0751
6759
3315
5924
0492
7584
4524
3834
4278
5784
1917
3768
7408
1723
3150
0344
4100
9234
1751
3891
6923
7320
0468
2576
5788
0193
6750
2660
7818
7582
1958
3393
4561
8382
3887
2953
0053
5780
3924
3646
9335
6117
5997
1269
3943
4875
9993
5407
8276
7947
5255
3870
3886
4106
4903
4068
4634
5765
7433
4863
0166
2148
7304
